2         0  ACT0  0  0  0  
4         0  ACT1  0  0  0  
82        0  RD0   0  0  e  
84        0  RD1   0  0  e  
180       0  ACT0  0  1  1  
182       0  ACT1  0  1  1  
260       0  WR0   0  1  1a 
262       0  WR1   0  1  1a 
414       0  ACT0  0  2  2  
416       0  ACT1  0  2  2  
494       0  RD0   0  2  27 
496       0  RD1   0  2  27 
592       0  ACT0  0  3  3  
594       0  ACT1  0  3  3  
672       0  RD0   0  3  30 
674       0  RD1   0  3  30 
770       0  ACT0  1  0  4  
772       0  ACT1  1  0  4  
850       0  WR0   1  0  4a 
852       0  WR1   1  0  4a 
1004      0  ACT0  1  1  5  
1006      0  ACT1  1  1  5  
1084      0  RD0   1  1  58 
1086      0  RD1   1  1  58 
1182      0  ACT0  1  2  6  
1184      0  ACT1  1  2  6  
1262      0  RD0   1  2  69 
1264      0  RD1   1  2  69 
1360      0  ACT0  1  3  7  
1362      0  ACT1  1  3  7  
1440      0  WR0   1  3  74 
1442      0  WR1   1  3  74 
1594      0  ACT0  2  0  8  
1596      0  ACT1  2  0  8  
1674      0  RD0   2  0  8c 
1676      0  RD1   2  0  8c 
1772      0  ACT0  2  1  9  
1774      0  ACT1  2  1  9  
1852      0  RD0   2  1  93 
1854      0  RD1   2  1  93 
1950      0  ACT0  2  2  12 
1952      0  ACT1  2  2  12 
2030      0  WR0   2  2  a8 
2032      0  WR1   2  2  a8 
2184      0  ACT0  2  3  b  
2186      0  ACT1  2  3  b  
2264      0  RD0   2  3  b8 
2266      0  RD1   2  3  b8 
2362      0  ACT0  3  0  c  
2364      0  ACT1  3  0  c  
2442      0  RD0   3  0  ce 
2444      0  RD1   3  0  ce 
2540      0  ACT0  3  1  d  
2542      0  ACT1  3  1  d  
2620      0  WR0   3  1  dd 
2622      0  WR1   3  1  dd 
2774      0  ACT0  3  2  e  
2776      0  ACT1  3  2  e  
2854      0  RD0   3  2  ec 
2856      0  RD1   3  2  ec 
2952      0  ACT0  3  3  f  
2954      0  ACT1  3  3  f  
3032      0  RD0   3  3  ff 
3034      0  RD1   3  3  ff 
3130      0  ACT0  4  0  10 
3132      0  ACT1  4  0  10 
3210      0  WR0   4  0  104
3212      0  WR1   4  0  104
3364      0  ACT0  4  1  11 
3366      0  ACT1  4  1  11 
3444      0  RD0   4  1  11e
3446      0  RD1   4  1  11e
3542      0  ACT0  4  2  12 
3544      0  ACT1  4  2  12 
3622      0  RD0   4  2  12d
3624      0  RD1   4  2  12d
3720      0  ACT0  4  3  13 
3722      0  ACT1  4  3  13 
3800      0  WR0   4  3  131
3802      0  WR1   4  3  131
3954      0  ACT0  5  0  14 
3956      0  ACT1  5  0  14 
4034      0  RD0   5  0  147
4036      0  RD1   5  0  147
4132      0  ACT0  5  1  15 
4134      0  ACT1  5  1  15 
4212      0  RD0   5  1  15b
4214      0  RD1   5  1  15b
4310      0  ACT0  5  2  16 
4312      0  ACT1  5  2  16 
4390      0  WR0   5  2  16f
4392      0  WR1   5  2  16f
4544      0  ACT0  5  3  17 
4546      0  ACT1  5  3  17 
4624      0  RD0   5  3  17c
4626      0  RD1   5  3  17c
4722      0  ACT0  6  0  18 
4724      0  ACT1  6  0  18 
4802      0  RD0   6  0  18b
4804      0  RD1   6  0  18b
4900      0  ACT0  6  1  19 
4902      0  ACT1  6  1  19 
4980      0  WR0   6  1  196
4982      0  WR1   6  1  196
5134      0  ACT0  6  2  1a 
5136      0  ACT1  6  2  1a 
5214      0  RD0   6  2  1ac
5216      0  RD1   6  2  1ac
5312      0  ACT0  6  3  1b 
5314      0  ACT1  6  3  1b 
5392      0  RD0   6  3  1b8
5394      0  RD1   6  3  1b8
5490      0  ACT0  7  0  1c 
5492      0  ACT1  7  0  1c 
5570      0  WR0   7  0  1ce
5572      0  WR1   7  0  1ce
5724      0  ACT0  7  1  1d 
5726      0  ACT1  7  1  1d 
5804      0  RD0   7  1  1d7
5806      0  RD1   7  1  1d7
5902      0  ACT0  7  2  1e 
5904      0  ACT1  7  2  1e 
5982      0  RD0   7  2  1e6
5984      0  RD1   7  2  1e6
6080      0  ACT0  7  3  1f 
6082      0  ACT1  7  3  1f 
6160      0  WR0   7  3  1f4
6162      0  WR1   7  3  1f4
6314      0  PRE   0  0  
6392      0  ACT0  0  0  9b84
6394      0  ACT1  0  0  9b84
6472      0  RD0   0  0  3dc
6474      0  RD1   0  0  3dc
6570      0  RD0   0  0  1b1
6572      0  RD1   0  0  1b1
6668      0  PRE   0  2  
6746      0  ACT0  0  2  6a7a
6748      0  ACT1  0  2  6a7a
6826      0  WR0   0  2  28e
6828      0  WR1   0  2  28e
6980      0  PRE   0  2  
7058      0  ACT0  0  2  9e35
7060      0  ACT1  0  2  9e35
7138      0  RD0   0  2  2bd
7140      0  RD1   0  2  2bd
7236      0  RD0   1  0  304
7238      0  RD1   1  0  304
7334      0  PRE   1  0  
7412      0  ACT0  1  0  61a0
7414      0  ACT1  1  0  61a0
7492      0  WR0   1  0  104
7494      0  WR1   1  0  104
7646      0  RD0   5  2  1e5
7648      0  RD1   5  2  1e5
7744      0  PRE   1  2  
7822      0  ACT0  1  2  9cb3
7824      0  ACT1  1  2  9cb3
7902      0  RD0   1  2  13 
7904      0  RD1   1  2  13 
8000      0  PRE   2  3  
8078      0  ACT0  2  3  5c70
8080      0  ACT1  2  3  5c70
8158      0  WR0   2  3  cd 
8160      0  WR1   2  3  cd 
8312      0  RD0   2  3  ae 
8314      0  RD1   2  3  ae 
8410      0  PRE   2  1  
8488      0  ACT0  2  1  c6dd
8490      0  ACT1  2  1  c6dd
8568      0  RD0   2  1  160
8570      0  RD1   2  1  160
8666      0  PRE   2  3  
8744      0  ACT0  2  3  b  
8746      0  ACT1  2  3  b  
8824      0  WR0   2  3  249
8826      0  WR1   2  3  249
8978      0  RD0   2  2  30b
8980      0  RD1   2  2  30b
9076      0  PRE   2  2  
9154      0  ACT0  2  2  1212
9156      0  ACT1  2  2  1212
9234      0  RD0   2  2  28f
9236      0  RD1   2  2  28f
15002     0  PRE   5  1  
15080     0  ACT0  5  1  4e54
15082     0  ACT1  5  1  4e54
15160     0  WR0   5  1  cf 
15162     0  WR1   5  1  cf 
17002     0  RD0   3  2  239
17004     0  RD1   3  2  239
17502     0  PRE   0  0  
17580     0  ACT0  0  0  0  
17582     0  ACT1  0  0  0  
17660     0  WR0   0  0  93 
17662     0  WR1   0  0  93 
17814     0  WR0   0  3  2d6
17816     0  WR1   0  3  2d6
17968     0  WR0   4  2  3fa
17970     0  WR1   4  2  3fa
18122     0  PRE   4  2  
18200     0  ACT0  4  2  ba9c
18202     0  ACT1  4  2  ba9c
18280     0  WR0   4  2  229
18282     0  WR1   4  2  229
